# Hu Xuan 7/24/2022
# xuanh@bu.edu
# Problem Set 6, Problem 1
# ps6pr1.txt
# Thinking in loops


## 1.
    a.
          i  | values[i] | values[i-1] | count
        ---------------------------------------
          -  |     -     |      -      |   0
          0  |     8     |      6      |   1
          1  |     5     |      8      |   1
          2  |     3     |      5      |   1
          3  |     7     |      3      |   2
          4  |     1     |      7      |   2
          5  |     6     |      1      |   3
    b.
        3

## 2.
     x  | range(1, x) | y | value printed
    ---------------------------------------
     2  | [1]         | 1 | 3
     4  | [1,2,3]     | 1 | 5
     4  | [1,2,3]     | 2 | 6
     4  | [1,2,3]     | 3 | 7
     6  | [1,2,3,4,5] | 1 | 7
     6  | [1,2,3,4,5] | 2 | 8
     6  | [1,2,3,4,5] | 3 | 9
     6  | [1,2,3,4,5] | 4 | 10
     6  | [1,2,3,4,5] | 5 | 11
     6  | [1,2,3,4,5] | 5 | 6 5


## 3.
     a  | b | value printed
    ------------------------
     12 | 4 | 12 4
     8  | 3 |  8 3
     5  | 2 |  5 2
     3  | 1 |  3 1
     2  | 0 |  2 0




